21
23
26
3
10
11
9
0
4
22
19
33
31
24
18
32
30
5
15
19
23
22
18
7
24
8
11
24
33
35
25
32
26
38
9
22
39
25
9
24
25
20
5
28
38
30
1
3
12
32
32
7
10
3
21
23
23
7
0
9
15
5
28
23
27
8
23
37
9
23
9
1
28
22
8
20
21
38
34
8
26
10
29
3
30
20
28
27
16
23
35
26
25
38
13
29
24
28
3
39
17
6
24
35
38
6
11
25
35
1
29
16
24
35
4
22
35
33
22
36
28
32
26
6
13
29
4
25
26
12
15
13
5
36
16
21
14
34
16
12
16
38
2
35
15
11
30
1
25
11
37
26
10
10
22
34
13
33
16
12
8
22
33
14
23
34
23
16
28
4
37
13
29
28
0
0
38
18
10
35
1
24
23
36
3
29
22
1
9
28
2
13
34
20
2
3
31
9
38
19
8
19
11
3
25
21
24
32
5
33
18
29
2
18
37
10
21
34
28
1
39
13
35
29
17
29
18
20
11
24
37
15
35
15
10
39
12
8
2
34
5
30
4
14
20
15
31
21
35
39
30
18
33
28
17
12
36
9
33
8
21
30
3
3
28
24
18
0
31
5
14
31
13
27
33
15
8
25
36
29
10
38
29
13
6
0
36
9
27
8
39
24
21
5
26
16
36
6
26
7
1
4
20
6
21
22
1
24
29
15
22
33
4
21
25
2
23
11
6
28
38
2
27
27
1
12
16
30
34
9
4
36
10
13
36
32
14
25
28
8
11
32
11
34
39
38
2
24
35
12
29
39
38
23
38
26
19
18
6
36
22
33
38
22
26
32
37
5
7
18
2
7
18
30
12
0
38
39
32
8
2
20
35
15
2
7
16
37
18
17
28
11
16
30
9
5
18
29
0
20
0
27
2
15
35
32
1
34
38
26
34
26
28
9
38
23
35
35
1
35
15
8
34
10
25
24
37
2
1
4
29
29
10
3
30
13
5
30
17
16
17
38
33
36
34
4
31
29
15
25
17
4
17
23
24
10
8
8
1
5
32
13
12
34
36
26
36
12
9
0
14
19
23
11
21
9
19
5
5
25
16
10
15
9
24
6
13
34
29
20
15
13
29
1
12
8
38
31
28
26
30
22
14
19
30
32
22
31
15
4
34
4
22
15
20
34
12
21
2
27
17
29
5
35
34
30
23
34
1
12
32
39
28
32
2
7
8
15
28
23
39
34
4
6
39
38
25
6
6
20
7
12
27
12
36
14
7
21
3
22
11
16
23
28
3
22
18
16
20
31
22
16
10
5
4
6
37
9
3
14
37
28
28
31
36
23
28
7
26
31
17
12
23
27
8
25
28
25
38
37
3
33
21
10
8
31
10
29
32
14
29
1
25
27
33
33
34
32
12
30
21
2
17
37
10
22
4
21
30
23
37
23
19
35
9
7
2
30
22
18
6
7
30
8
11
18
13
20
23
6
22
10
32
8
34
1
38
23
27
25
18
1
17
30
14
38
18
21
23
36
7
38
9
35
5
35
26
26
33
0
10
8
8
12
33
0
6
15
10
39
37
12
22
8
32
9
4
34
8
12
7
32
15
8
24
17
3
9
15
1
29
20
12
8
3
11
34
33
11
0
14
30
17
39
20
18
11
24
20
7
19
5
3
18
12
33
12
11
0
34
0
17
25
9
20
5
31
32
10
29
18
19
11
37
33
33
20
17
26
36
30
22
18
39
18
9
39
9
4
32
20
8
7
8
37
23
10
7
36
34
2
11
19
1
16
10
3
3
36
12
12
21
34
13
22
36
20
15
24
39
16
0
38
32
27
24
0
37
6
30
1
2
9
3
38
25
21
15
16
36
38
18
19
18
17
30
7
9
1
35
38
36
33
19
24
5
13
8
12
3
9
34
8
15
31
13
2
28
11
26
24
6
17
37
29
36
34
31
29
32
26
13
11
15
29
17
0
12
36
31
7
26
2
35
23
34
20
17
25
25
33
21
18
38
38
20
11
27
5
10
15
9
30
29
13
25
14
2
7
32
16
7
2
2
10
1
31
27
25
39
1
18
31
7
8
6
36
39
29
22
26
6
15
28
14
20
13
17
28
23
21
31
2
15
37
26
32
21
16
1
21
15
27
4
38
15
16
14
19
38
34
13
2
35
3
8
33
32
27
0
6
38
10
1
1
39
15
3
36
13
1
5
33
34
30
33
21
7
19
30
3
25
12
9
21
32
36
21
7
10
31
5
12
32
29
0
5
31
18
13
6
18
28
6
11
6
36
17
20
14
9
28
29
24
9
18
17
15
26
4
8
26
8
17
38
30
39
25
6
39
20
30
31
13
15
5
38
20
11
27
27
4
26
27
0
27
34
31
32
31
28
13
5
17
31
4
37
6
8
22
13
0
22
17
38
28
35
9
7
21
13
24
27
1
13
17
21
2
7
25
33
24
4
15
5
21
4
21
32
26
16
23
33
0
0
28
11
33
8
11
16
39
8
0
11
13
19
23
19
13
16
15
5
34
0
35
0
16
15
5
